2 dimensiones
0.0 746
0.1 1543
0.2 2284
0.3 2791
0.4 2843
0.5 2870
0.6 2451
0.7 2373
0.8 1767
0.9 330
1.0 1

5 dimensiones
0.0 71
0.1 521
0.2 1562
0.3 2753
0.4 3999
0.5 4598
0.6 3807
0.7 2058
0.8 567
0.9 62
1.0 1

10 dimensiones
0.0 27
0.1 180
0.2 774
0.3 2136
0.4 4025
0.5 5371
0.6 4624
0.7 2239
0.8 568
0.9 54
1.0 1

15 dimensiones
0.0 16
0.1 158
0.2 724
0.3 2357
0.4 4734
0.5 5783
0.6 4254
0.7 1625
0.8 321
0.9 26
1.0 1

20 dimensiones
0.0 16
0.1 150
0.2 767
0.3 2583
0.4 5124
0.5 5843
0.6 3987
0.7 1303
0.8 208
0.9 17
1.0 1

25 dimensiones
0.0 5
0.1 69
0.2 565
0.3 1952
0.4 4371
0.5 6132
0.6 4670
0.7 1851
0.8 356
0.9 27
1.0 1